{
 "cells": [
  {
   "cell_type": "code",
   "execution_count": 2,
   "metadata": {},
   "outputs": [],
   "source": [
    "import pandas as pd\n",
    "import numpy as np"
   ]
  },
  {
   "cell_type": "markdown",
   "metadata": {},
   "source": [
    "# DatetimeIndex主要用途是作为pandas对象的索引"
   ]
  },
  {
   "cell_type": "markdown",
   "metadata": {},
   "source": [
    "# 1. DatetimeIndex 索引方法"
   ]
  },
  {
   "cell_type": "markdown",
   "metadata": {},
   "source": [
    "# 1.1切片索引"
   ]
  },
  {
   "cell_type": "markdown",
   "metadata": {},
   "source": [
    "可以用str类型标记或datetime-like的类型进行标记"
   ]
  },
  {
   "cell_type": "code",
   "execution_count": 26,
   "metadata": {},
   "outputs": [
    {
     "data": {
      "text/plain": [
       "DatetimeIndex(['2011-01-01', '2011-01-11', '2011-01-21', '2011-01-31',\n",
       "               '2011-02-10', '2011-02-20', '2011-03-02', '2011-03-12',\n",
       "               '2011-03-22', '2011-04-01', '2011-04-11', '2011-04-21',\n",
       "               '2011-05-01', '2011-05-11', '2011-05-21', '2011-05-31',\n",
       "               '2011-06-10', '2011-06-20', '2011-06-30', '2011-07-10',\n",
       "               '2011-07-20', '2011-07-30', '2011-08-09', '2011-08-19',\n",
       "               '2011-08-29', '2011-09-08', '2011-09-18', '2011-09-28',\n",
       "               '2011-10-08', '2011-10-18', '2011-10-28', '2011-11-07',\n",
       "               '2011-11-17', '2011-11-27', '2011-12-07', '2011-12-17',\n",
       "               '2011-12-27'],\n",
       "              dtype='datetime64[ns]', freq='10D')"
      ]
     },
     "execution_count": 26,
     "metadata": {},
     "output_type": "execute_result"
    }
   ],
   "source": [
    "start = '2011-1-1'\n",
    "end = '2011-12-31'\n",
    "rng = pd.date_range(start, end, freq='10D') \n",
    "rng"
   ]
  },
  {
   "cell_type": "code",
   "execution_count": 41,
   "metadata": {
    "scrolled": false
   },
   "outputs": [
    {
     "name": "stdout",
     "output_type": "stream",
     "text": [
      "2011-01-01    0.468652\n",
      "2011-01-11    0.535127\n",
      "2011-01-21    0.106461\n",
      "2011-01-31    0.644312\n",
      "2011-02-10    0.324221\n",
      "2011-02-20   -1.815510\n",
      "2011-03-02   -1.001848\n",
      "2011-03-12   -0.613879\n",
      "2011-03-22   -0.852933\n",
      "2011-04-01   -0.199501\n",
      "2011-04-11    0.230025\n",
      "2011-04-21    0.001900\n",
      "2011-05-01    1.378048\n",
      "2011-05-11    0.825245\n",
      "2011-05-21    1.089061\n",
      "2011-05-31    0.207115\n",
      "2011-06-10    0.248702\n",
      "2011-06-20   -1.033807\n",
      "2011-06-30    0.019203\n",
      "2011-07-10    0.327531\n",
      "2011-07-20   -0.829551\n",
      "2011-07-30    0.004747\n",
      "2011-08-09   -1.439073\n",
      "2011-08-19   -0.219906\n",
      "2011-08-29   -0.807935\n",
      "2011-09-08   -1.396523\n",
      "2011-09-18    0.136909\n",
      "2011-09-28    1.032273\n",
      "2011-10-08    2.037179\n",
      "2011-10-18   -0.226206\n",
      "2011-10-28   -0.275034\n",
      "2011-11-07    0.781790\n",
      "2011-11-17   -1.705040\n",
      "2011-11-27    0.247895\n",
      "2011-12-07    0.427315\n",
      "2011-12-17   -0.597478\n",
      "2011-12-27   -0.665223\n",
      "Freq: 10D, dtype: float64 \n",
      "\n",
      " DatetimeIndex(['2011-01-01', '2011-01-11', '2011-01-21', '2011-01-31',\n",
      "               '2011-02-10', '2011-02-20', '2011-03-02', '2011-03-12',\n",
      "               '2011-03-22', '2011-04-01', '2011-04-11', '2011-04-21',\n",
      "               '2011-05-01', '2011-05-11', '2011-05-21', '2011-05-31',\n",
      "               '2011-06-10', '2011-06-20', '2011-06-30', '2011-07-10',\n",
      "               '2011-07-20', '2011-07-30', '2011-08-09', '2011-08-19',\n",
      "               '2011-08-29', '2011-09-08', '2011-09-18', '2011-09-28',\n",
      "               '2011-10-08', '2011-10-18', '2011-10-28', '2011-11-07',\n",
      "               '2011-11-17', '2011-11-27', '2011-12-07', '2011-12-17',\n",
      "               '2011-12-27'],\n",
      "              dtype='datetime64[ns]', freq='10D')\n",
      "2011-01-01    0.468652\n",
      "2011-01-11    0.535127\n",
      "2011-01-21    0.106461\n",
      "2011-01-31    0.644312\n",
      "2011-02-10    0.324221\n",
      "Freq: 10D, dtype: float64\n",
      "DatetimeIndex(['2011-01-11', '2011-01-21', '2011-03-02'], dtype='datetime64[ns]', freq=None)\n",
      "2011-01-01    0.468652\n",
      "2011-01-21    0.106461\n",
      "2011-02-10    0.324221\n",
      "2011-03-02   -1.001848\n",
      "2011-03-22   -0.852933\n",
      "2011-04-11    0.230025\n",
      "2011-05-01    1.378048\n",
      "2011-05-21    1.089061\n",
      "2011-06-10    0.248702\n",
      "2011-06-30    0.019203\n",
      "2011-07-20   -0.829551\n",
      "2011-08-09   -1.439073\n",
      "2011-08-29   -0.807935\n",
      "2011-09-18    0.136909\n",
      "2011-10-08    2.037179\n",
      "2011-10-28   -0.275034\n",
      "2011-11-17   -1.705040\n",
      "2011-12-07    0.427315\n",
      "2011-12-27   -0.665223\n",
      "Freq: 20D, dtype: float64\n",
      "2011-12-27   -0.665223\n",
      "2011-12-17   -0.597478\n",
      "2011-12-07    0.427315\n",
      "2011-11-27    0.247895\n",
      "2011-11-17   -1.705040\n",
      "2011-11-07    0.781790\n",
      "2011-10-28   -0.275034\n",
      "2011-10-18   -0.226206\n",
      "2011-10-08    2.037179\n",
      "2011-09-28    1.032273\n",
      "2011-09-18    0.136909\n",
      "2011-09-08   -1.396523\n",
      "2011-08-29   -0.807935\n",
      "2011-08-19   -0.219906\n",
      "2011-08-09   -1.439073\n",
      "2011-07-30    0.004747\n",
      "2011-07-20   -0.829551\n",
      "2011-07-10    0.327531\n",
      "2011-06-30    0.019203\n",
      "2011-06-20   -1.033807\n",
      "2011-06-10    0.248702\n",
      "2011-05-31    0.207115\n",
      "2011-05-21    1.089061\n",
      "2011-05-11    0.825245\n",
      "2011-05-01    1.378048\n",
      "2011-04-21    0.001900\n",
      "2011-04-11    0.230025\n",
      "2011-04-01   -0.199501\n",
      "2011-03-22   -0.852933\n",
      "2011-03-12   -0.613879\n",
      "2011-03-02   -1.001848\n",
      "2011-02-20   -1.815510\n",
      "2011-02-10    0.324221\n",
      "2011-01-31    0.644312\n",
      "2011-01-21    0.106461\n",
      "2011-01-11    0.535127\n",
      "2011-01-01    0.468652\n",
      "Freq: -10D, dtype: float64\n",
      "2011-02-10    0.324221\n",
      "2011-02-20   -1.815510\n",
      "2011-03-02   -1.001848\n",
      "2011-03-12   -0.613879\n",
      "2011-03-22   -0.852933\n",
      "2011-04-01   -0.199501\n",
      "2011-04-11    0.230025\n",
      "2011-04-21    0.001900\n",
      "2011-05-01    1.378048\n",
      "2011-05-11    0.825245\n",
      "2011-05-21    1.089061\n",
      "2011-05-31    0.207115\n",
      "2011-06-10    0.248702\n",
      "2011-06-20   -1.033807\n",
      "2011-06-30    0.019203\n",
      "2011-07-10    0.327531\n",
      "2011-07-20   -0.829551\n",
      "2011-07-30    0.004747\n",
      "2011-08-09   -1.439073\n",
      "2011-08-19   -0.219906\n",
      "2011-08-29   -0.807935\n",
      "2011-09-08   -1.396523\n",
      "2011-09-18    0.136909\n",
      "Freq: 10D, dtype: float64\n",
      "2011-05-01    1.378048\n",
      "2011-05-11    0.825245\n",
      "2011-05-21    1.089061\n",
      "2011-05-31    0.207115\n",
      "2011-06-10    0.248702\n",
      "2011-06-20   -1.033807\n",
      "2011-06-30    0.019203\n",
      "2011-07-10    0.327531\n",
      "2011-07-20   -0.829551\n",
      "2011-07-30    0.004747\n",
      "2011-08-09   -1.439073\n",
      "2011-08-19   -0.219906\n",
      "2011-08-29   -0.807935\n",
      "2011-09-08   -1.396523\n",
      "2011-09-18    0.136909\n",
      "2011-09-28    1.032273\n",
      "2011-10-08    2.037179\n",
      "2011-10-18   -0.226206\n",
      "2011-10-28   -0.275034\n",
      "2011-11-07    0.781790\n",
      "2011-11-17   -1.705040\n",
      "2011-11-27    0.247895\n",
      "2011-12-07    0.427315\n",
      "2011-12-17   -0.597478\n",
      "2011-12-27   -0.665223\n",
      "Freq: 10D, dtype: float64\n",
      "2011-02-10    0.324221\n",
      "2011-02-20   -1.815510\n",
      "Freq: 10D, dtype: float64\n"
     ]
    }
   ],
   "source": [
    "ts = pd.Series(np.random.randn(len(rng)), index=rng)\n",
    "print(ts,'\\n\\n',ts.index)\n",
    "\n",
    "print(ts[:5])   #切前5个\n",
    "print(ts[[1,2,6]].index) #切第2、3、7个时间戳数据；！！！但是切出的数据会丢失频率参数\n",
    "print(ts[::2])  #间隔一位切片\n",
    "print(ts[::-1]) #反转序列\n",
    "print(ts['2011-2-3':'2011-9-23'])     # 一段时间(容忍非索引精确)\n",
    "print(ts['2011-5-1':]) #某段时间后\n",
    "print(ts['2011-2']) #切取2月份的数据"
   ]
  },
  {
   "cell_type": "code",
   "execution_count": 44,
   "metadata": {
    "scrolled": false
   },
   "outputs": [
    {
     "name": "stdout",
     "output_type": "stream",
     "text": [
      "                   0\n",
      "2011-01-01 -0.215012\n",
      "2011-01-11  2.068950\n",
      "2011-01-21 -3.013427\n",
      "2011-01-31  0.361626\n",
      "2011-02-10  1.425881\n",
      "2011-02-20  0.207796\n",
      "2011-03-02 -0.644892\n",
      "2011-03-12  0.512012\n",
      "2011-03-22 -0.243487\n",
      "2011-04-01 -1.506298\n",
      "2011-04-11 -0.376043\n",
      "2011-04-21  0.117668\n",
      "2011-05-01 -0.189565\n",
      "2011-05-11  0.533377\n",
      "2011-05-21  0.650220\n",
      "2011-05-31 -1.136432\n",
      "2011-06-10 -1.893425\n",
      "2011-06-20 -0.858944\n",
      "2011-06-30  1.763399\n",
      "2011-07-10 -2.113546\n",
      "2011-07-20 -1.486076\n",
      "2011-07-30 -1.330445\n",
      "2011-08-09 -0.256464\n",
      "2011-08-19  0.426810\n",
      "2011-08-29 -1.447360\n",
      "2011-09-08 -1.122964\n",
      "2011-09-18  0.526431\n",
      "2011-09-28  0.093874\n",
      "2011-10-08  0.909329\n",
      "2011-10-18  0.338664\n",
      "2011-10-28 -1.452196\n",
      "2011-11-07  0.798545\n",
      "2011-11-17 -0.352507\n",
      "2011-11-27 -0.004472\n",
      "2011-12-07 -0.548200\n",
      "2011-12-17  0.122709\n",
      "2011-12-27 -0.436671 \n",
      "\n",
      " DatetimeIndex(['2011-01-01', '2011-01-11', '2011-01-21', '2011-01-31',\n",
      "               '2011-02-10', '2011-02-20', '2011-03-02', '2011-03-12',\n",
      "               '2011-03-22', '2011-04-01', '2011-04-11', '2011-04-21',\n",
      "               '2011-05-01', '2011-05-11', '2011-05-21', '2011-05-31',\n",
      "               '2011-06-10', '2011-06-20', '2011-06-30', '2011-07-10',\n",
      "               '2011-07-20', '2011-07-30', '2011-08-09', '2011-08-19',\n",
      "               '2011-08-29', '2011-09-08', '2011-09-18', '2011-09-28',\n",
      "               '2011-10-08', '2011-10-18', '2011-10-28', '2011-11-07',\n",
      "               '2011-11-17', '2011-11-27', '2011-12-07', '2011-12-17',\n",
      "               '2011-12-27'],\n",
      "              dtype='datetime64[ns]', freq='10D')\n",
      "DatetimeIndex(['2011-01-01', '2011-01-11', '2011-01-21', '2011-01-31',\n",
      "               '2011-02-10'],\n",
      "              dtype='datetime64[ns]', freq='10D')\n",
      "DatetimeIndex(['2011-01-01', '2011-01-21', '2011-02-10', '2011-03-02',\n",
      "               '2011-03-22', '2011-04-11', '2011-05-01', '2011-05-21',\n",
      "               '2011-06-10', '2011-06-30', '2011-07-20', '2011-08-09',\n",
      "               '2011-08-29', '2011-09-18', '2011-10-08', '2011-10-28',\n",
      "               '2011-11-17', '2011-12-07', '2011-12-27'],\n",
      "              dtype='datetime64[ns]', freq='20D')\n",
      "DatetimeIndex(['2011-12-27', '2011-12-17', '2011-12-07', '2011-11-27',\n",
      "               '2011-11-17', '2011-11-07', '2011-10-28', '2011-10-18',\n",
      "               '2011-10-08', '2011-09-28', '2011-09-18', '2011-09-08',\n",
      "               '2011-08-29', '2011-08-19', '2011-08-09', '2011-07-30',\n",
      "               '2011-07-20', '2011-07-10', '2011-06-30', '2011-06-20',\n",
      "               '2011-06-10', '2011-05-31', '2011-05-21', '2011-05-11',\n",
      "               '2011-05-01', '2011-04-21', '2011-04-11', '2011-04-01',\n",
      "               '2011-03-22', '2011-03-12', '2011-03-02', '2011-02-20',\n",
      "               '2011-02-10', '2011-01-31', '2011-01-21', '2011-01-11',\n",
      "               '2011-01-01'],\n",
      "              dtype='datetime64[ns]', freq='-10D')\n",
      "DatetimeIndex(['2011-02-10', '2011-02-20', '2011-03-02', '2011-03-12',\n",
      "               '2011-03-22', '2011-04-01', '2011-04-11', '2011-04-21',\n",
      "               '2011-05-01', '2011-05-11', '2011-05-21', '2011-05-31',\n",
      "               '2011-06-10', '2011-06-20', '2011-06-30', '2011-07-10',\n",
      "               '2011-07-20', '2011-07-30', '2011-08-09', '2011-08-19',\n",
      "               '2011-08-29', '2011-09-08', '2011-09-18'],\n",
      "              dtype='datetime64[ns]', freq='10D')\n",
      "DatetimeIndex(['2011-05-01', '2011-05-11', '2011-05-21', '2011-05-31',\n",
      "               '2011-06-10', '2011-06-20', '2011-06-30', '2011-07-10',\n",
      "               '2011-07-20', '2011-07-30', '2011-08-09', '2011-08-19',\n",
      "               '2011-08-29', '2011-09-08', '2011-09-18', '2011-09-28',\n",
      "               '2011-10-08', '2011-10-18', '2011-10-28', '2011-11-07',\n",
      "               '2011-11-17', '2011-11-27', '2011-12-07', '2011-12-17',\n",
      "               '2011-12-27'],\n",
      "              dtype='datetime64[ns]', freq='10D')\n",
      "DatetimeIndex(['2011-02-10', '2011-02-20'], dtype='datetime64[ns]', freq='10D')\n"
     ]
    }
   ],
   "source": [
    "# pd.dataframe也同理，操作一样\n",
    "ts = pd.DataFrame(np.random.randn(len(rng)), index=rng)\n",
    "print(ts,'\\n\\n',ts.index)\n",
    "\n",
    "print(ts[:5].index)   #切前5个\n",
    "print(ts[::2].index)  #间隔一位切片\n",
    "print(ts[::-1].index) #反转序列\n",
    "print(ts['2011-2-3':'2011-9-23'].index)     # 一段时间(容忍非索引精确)\n",
    "print(ts['2011-5-1':].index) #某段时间后\n",
    "print(ts['2011-2'].index) #切取2月份的数据(不同分辨率)index构建时分辨率有两种模式（最细到day|最细到秒），不同模式下分辨率不能取比它更小的尺度）"
   ]
  }
 ],
 "metadata": {
  "kernelspec": {
   "display_name": "Python 3",
   "language": "python",
   "name": "python3"
  },
  "language_info": {
   "codemirror_mode": {
    "name": "ipython",
    "version": 3
   },
   "file_extension": ".py",
   "mimetype": "text/x-python",
   "name": "python",
   "nbconvert_exporter": "python",
   "pygments_lexer": "ipython3",
   "version": "3.6.6"
  },
  "nbTranslate": {
   "displayLangs": [
    "*"
   ],
   "hotkey": "alt-t",
   "langInMainMenu": true,
   "sourceLang": "en",
   "targetLang": "fr",
   "useGoogleTranslate": true
  },
  "varInspector": {
   "cols": {
    "lenName": 16,
    "lenType": 16,
    "lenVar": 40
   },
   "kernels_config": {
    "python": {
     "delete_cmd_postfix": "",
     "delete_cmd_prefix": "del ",
     "library": "var_list.py",
     "varRefreshCmd": "print(var_dic_list())"
    },
    "r": {
     "delete_cmd_postfix": ") ",
     "delete_cmd_prefix": "rm(",
     "library": "var_list.r",
     "varRefreshCmd": "cat(var_dic_list()) "
    }
   },
   "types_to_exclude": [
    "module",
    "function",
    "builtin_function_or_method",
    "instance",
    "_Feature"
   ],
   "window_display": false
  }
 },
 "nbformat": 4,
 "nbformat_minor": 2
}
